%YAML:1.0
calibration_time: "Tue Nov 11 16:01:52 2014"
nframes: 20
image_width: 1280
image_height: 720
board_width: 4
board_height: 11
square_size: 2.5000000372529030e-02
flags: 0
camera_matrix: !!opencv-matrix
   rows: 3
   cols: 3
   dt: d
   data: [ 9.7332893231601201e+02, 0., 6.8437437908597406e+02, 0.,
       9.6024581030198055e+02, 3.0429463637503812e+02, 0., 0., 1. ]
distortion_coefficients: !!opencv-matrix
   rows: 5
   cols: 1
   dt: d
   data: [ 4.2963751882694057e-01, -4.6815171340145956e-01,
       -4.2601893859691119e-02, 3.6020217366973084e-02,
       2.8594886546329007e-01 ]
avg_reprojection_error: 2.6614954959430492e-01
per_view_reprojection_errors: !!opencv-matrix
   rows: 20
   cols: 1
   dt: f
   data: [ 3.28662425e-01, 3.33784103e-01, 2.46606112e-01,
       2.37563446e-01, 3.02216947e-01, 2.86162198e-01, 3.62046301e-01,
       3.60173166e-01, 2.89972365e-01, 2.96237260e-01, 1.94058478e-01,
       1.90204218e-01, 1.52075499e-01, 1.51450664e-01, 1.51232079e-01,
       2.12956533e-01, 2.13536084e-01, 2.10957870e-01, 3.17188114e-01,
       3.08758616e-01 ]
# a set of 6-tuples (rotation vector + translation vector) for each view
extrinsic_parameters: !!opencv-matrix
   rows: 20
   cols: 6
   dt: d
   data: [ -8.1894583105580149e-02, 5.3097153048979173e-01,
       3.0060711305295800e+00, -4.0821614213045981e-01,
       -1.4660138128752125e-02, 1.1755261489999906e+00,
       -8.2315912373493977e-02, 5.3230059012023367e-01,
       3.0060415172089532e+00, -4.0815752684179385e-01,
       -1.5755850806385092e-02, 1.1751079636361947e+00,
       -6.0255543963264976e-02, 4.0002214643427775e-01,
       3.0930687586391752e+00, -4.2476463776674517e-01,
       4.0941413134356475e-01, 1.0704537055906724e+00,
       -5.7420989748271700e-02, 3.9940390163102668e-01,
       3.0930055744873655e+00, -4.2474685860279804e-01,
       4.0935861138546936e-01, 1.0702772006324537e+00,
       -5.0661607822431654e-01, 3.5300718262030645e-01,
       3.0855260361220864e+00, 5.3964662487425019e-01,
       4.0260709877670631e-01, 1.2961040126732859e+00,
       -5.0389546409293517e-01, 3.5169840613335218e-01,
       3.0859054521863221e+00, 5.3969959861522876e-01,
       4.0250527612239284e-01, 1.2957744793960300e+00,
       -4.6878461148594464e-01, 5.3207945234140930e-01,
       3.0480272675711904e+00, 5.2408438126341139e-01,
       -2.9533149889439139e-02, 1.3927214829207373e+00,
       -4.6891182713677909e-01, 5.3162465161739558e-01,
       3.0481072874308621e+00, 5.2405807374573909e-01,
       -2.9505188919273829e-02, 1.3928021038050526e+00,
       -2.6669418191319821e-01, 5.5242170465077101e-01,
       3.0347257498952374e+00, 3.4273160980045972e-02,
       -6.1359637753838611e-02, 1.2639495111609043e+00,
       -2.6888152019174461e-01, 5.5486565712355207e-01,
       3.0339238014676231e+00, 3.4368331100198005e-02,
       -6.1465978615681316e-02, 1.2637466545026252e+00,
       -2.6089099375558955e-01, 4.1823876064577509e-01,
       3.0592441272626818e+00, 4.7401416875342925e-02,
       2.0507705882349234e-01, 1.1928139074019075e+00,
       -2.6016043563734476e-01, 4.1561789747169464e-01,
       3.0597183760367721e+00, 4.7338066673776998e-02,
       2.0518816903065842e-01, 1.1931167968387946e+00,
       2.8614235134259797e-01, -2.9685677939055777e-01,
       -3.1040339988288350e+00, 4.8926512181197715e-02,
       4.3658763299977194e-01, 1.1582969686569211e+00,
       2.8637265237717191e-01, -2.9600250366808861e-01,
       -3.1040983766917538e+00, 4.8920135939367143e-02,
       4.3658912185976173e-01, 1.1583348195326559e+00,
       2.8638043070263114e-01, -2.9478630592686356e-01,
       -3.1041481715566643e+00, 4.8842191050178105e-02,
       4.3662313550239407e-01, 1.1584335614190064e+00,
       -1.1755448051200187e-01, 3.9115254926400783e-01,
       3.0925088579972311e+00, -1.8725583270795013e-01,
       2.8138074742455027e-01, 1.1374282179146620e+00,
       -1.1634996987918196e-01, 3.8891932888428482e-01,
       3.0928972657765685e+00, -1.8732148817884089e-01,
       2.8151890048852946e-01, 1.1376721569268566e+00,
       -1.1588884780695911e-01, 3.8851495640711309e-01,
       3.0929752265372366e+00, -1.8728592954847498e-01,
       2.8150910265607842e-01, 1.1375981132639881e+00,
       3.4924758763109620e-01, -4.5113535220171563e-01,
       -3.0426743858401739e+00, 2.7054501453640972e-01,
       5.7683114434810411e-02, 1.2935884098798107e+00,
       3.5215159630234938e-01, -4.5030585475224338e-01,
       -3.0421321700291188e+00, 2.7039895629274990e-01,
       5.7494298248164148e-02, 1.2937627882438063e+00 ]
