%YAML:1.0
calibration_time: "Mon Dec 22 15:01:22 2014"
nframes: 18
image_width: 1280
image_height: 720
board_width: 4
board_height: 11
square_size: 2.5000000372529030e-02
flags: 0
camera_matrix: !!opencv-matrix
   rows: 3
   cols: 3
   dt: d
   data: [ 8.8612018081330564e+02, 0., 6.4059951765416304e+02, 0.,
       8.8737591852688752e+02, 3.6091014872457879e+02, 0., 0., 1. ]
distortion_coefficients: !!opencv-matrix
   rows: 5
   cols: 1
   dt: d
   data: [ 1.0130905781600349e-01, -2.4644660758189846e-01,
       1.8777514330834621e-03, -2.9102947830913239e-03,
       1.0455385794559129e-01 ]
avg_reprojection_error: 2.4185122387218888e-01
per_view_reprojection_errors: !!opencv-matrix
   rows: 18
   cols: 1
   dt: f
   data: [ 1.71087399e-01, 1.80709556e-01, 3.48180532e-01,
       3.26478034e-01, 2.37359464e-01, 1.89017609e-01, 2.25390717e-01,
       2.22353578e-01, 2.95234889e-01, 3.53520542e-01, 2.44298846e-01,
       2.43655160e-01, 1.36991844e-01, 1.46857724e-01, 2.06633091e-01,
       2.07850903e-01, 2.34958440e-01, 2.41192326e-01 ]
# a set of 6-tuples (rotation vector + translation vector) for each view
extrinsic_parameters: !!opencv-matrix
   rows: 18
   cols: 6
   dt: d
   data: [ 4.7947584709480379e-02, -2.7743999902695656e-02,
       -1.5384149301443624e+00, -2.4228627767472888e-01,
       -7.4137152694293959e-03, 6.3359328944271021e-01,
       3.1816430461381252e-02, -1.9974664111742316e-02,
       -1.5236350139940513e+00, -2.4997700708713269e-01,
       -1.6590903556453797e-02, 6.4565851924475204e-01,
       -3.7415303514056120e-01, 2.5435797852054326e-01,
       -1.6097671803819698e+00, -2.0219401899978490e-01,
       -8.2445465225529334e-03, 7.0139074484412700e-01,
       -3.5897731167860397e-01, 2.5568329592867384e-01,
       -1.5800418146473618e+00, -2.0964126127097563e-01,
       1.8702267534287369e-02, 7.0627968640449845e-01,
       5.6229998136353744e-02, -4.1614414129313118e-02,
       -1.5464785702175652e+00, 2.7752192196861863e-01,
       7.1234443706728240e-02, 8.3097983286304544e-01,
       -1.0888087134446045e-01, 9.0634413448986220e-02,
       -1.5683373839682042e+00, 2.9479043198488514e-01,
       -1.1816426948287879e-01, 9.2596248685330462e-01,
       1.9996818342345023e-03, 1.5573629116584262e-02,
       -1.5587082905213954e+00, -4.4210581367068652e-01,
       1.8687906094071138e-01, 7.4196899727816767e-01,
       1.3536468941602913e-04, 2.1726259098557611e-02,
       -1.5691952513313401e+00, -4.4949345242754135e-01,
       1.9315683398112637e-01, 7.5009468408693492e-01,
       -2.1564961204844890e-01, 2.4308792108918939e-01,
       -1.1903132429251100e+00, -4.7943541077846991e-01,
       8.8989231411823660e-02, 8.4710388743748377e-01,
       -2.2846372328219802e-01, 2.8441598129635237e-01,
       -1.1192139295944188e+00, -4.7148596613546367e-01,
       6.6752839460142557e-02, 8.6708192306902476e-01,
       -1.8212058466907544e-02, -9.8945746973190932e-02,
       -1.6660905493628526e+00, -4.9170990600828085e-01,
       -9.0452110362580551e-02, 7.8714315601277696e-01,
       -4.3145736119062214e-03, -9.5011666843361417e-02,
       -1.6685187865157238e+00, -4.9801686673163725e-01,
       -8.8448721756950385e-02, 7.8086951038069663e-01,
       4.0102367254284838e-01, -3.9022892022537231e-01,
       -1.6158205690399832e+00, -4.6430896882044659e-01,
       -6.5219087838981546e-02, 8.1799777988352274e-01,
       3.8699754208875742e-01, -3.9974956354025809e-01,
       -1.5994994367477597e+00, -4.7615177905200451e-01,
       -7.1716418975851057e-02, 8.0916178761634661e-01,
       -2.8547614149495713e-02, -5.1314213894698854e-02,
       -1.5668698762904305e+00, -4.6681081806006752e-01,
       1.8158908939899818e-01, 7.3044117410552112e-01,
       -2.8555790576060655e-02, -5.8062626553701313e-02,
       -1.5658322049177515e+00, -4.6664156840937182e-01,
       1.8146099708520586e-01, 7.3193192957883169e-01,
       6.1484232175054621e-01, -5.2682348559818293e-01,
       -1.5310351525549790e+00, -3.9217767345720744e-01,
       1.6265532990871598e-01, 7.0889984725808042e-01,
       6.2119328701245535e-01, -5.3292601376321802e-01,
       -1.5276916448461735e+00, -3.9209065960038658e-01,
       1.6116299360534925e-01, 7.0890371157970922e-01 ]
